 # IDSA ray
 # dr [km]   dr[km]  Rin[km]  R[km]  Rout[km]
   0.4882812E+00   0.4882812E+00   0.0000000E+00   0.2441406E+00   0.4882812E+00
   0.4882812E+00   0.4882812E+00   0.4882812E+00   0.7324219E+00   0.9765625E+00
   0.4882812E+00   0.4882812E+00   0.9765625E+00   0.1220703E+01   0.1464844E+01
   0.4882812E+00   0.4882812E+00   0.1464844E+01   0.1708984E+01   0.1953125E+01
   0.4882812E+00   0.4882812E+00   0.1953125E+01   0.2197266E+01   0.2441406E+01
   0.4882812E+00   0.4882812E+00   0.2441406E+01   0.2685547E+01   0.2929688E+01
   0.4882812E+00   0.4882812E+00   0.2929688E+01   0.3173828E+01   0.3417969E+01
   0.4882812E+00   0.4882812E+00   0.3417969E+01   0.3662109E+01   0.3906250E+01
   0.4882812E+00   0.4882812E+00   0.3906250E+01   0.4150391E+01   0.4394531E+01
   0.4882812E+00   0.4882812E+00   0.4394531E+01   0.4638672E+01   0.4882812E+01
   0.4882812E+00   0.4882812E+00   0.4882812E+01   0.5126953E+01   0.5371094E+01
   0.4882812E+00   0.4882812E+00   0.5371094E+01   0.5615234E+01   0.5859375E+01
   0.4882812E+00   0.4882812E+00   0.5859375E+01   0.6103516E+01   0.6347656E+01
   0.4882812E+00   0.4882812E+00   0.6347656E+01   0.6591797E+01   0.6835938E+01
   0.4882812E+00   0.4882812E+00   0.6835938E+01   0.7080078E+01   0.7324219E+01
   0.4882812E+00   0.4882812E+00   0.7324219E+01   0.7568359E+01   0.7812500E+01
   0.4882812E+00   0.4882812E+00   0.7812500E+01   0.8056641E+01   0.8300781E+01
   0.4882812E+00   0.4882812E+00   0.8300781E+01   0.8544922E+01   0.8789062E+01
   0.4882812E+00   0.4882812E+00   0.8789062E+01   0.9033203E+01   0.9277344E+01
   0.4882812E+00   0.4882812E+00   0.9277344E+01   0.9521484E+01   0.9765625E+01
   0.4882812E+00   0.4882812E+00   0.9765625E+01   0.1000977E+02   0.1025391E+02
   0.4882812E+00   0.4882812E+00   0.1025391E+02   0.1049805E+02   0.1074219E+02
   0.4882812E+00   0.4882812E+00   0.1074219E+02   0.1098633E+02   0.1123047E+02
   0.4882812E+00   0.4882812E+00   0.1123047E+02   0.1147461E+02   0.1171875E+02
   0.4882812E+00   0.4882812E+00   0.1171875E+02   0.1196289E+02   0.1220703E+02
   0.4882812E+00   0.4882812E+00   0.1220703E+02   0.1245117E+02   0.1269531E+02
   0.4882812E+00   0.4882812E+00   0.1269531E+02   0.1293945E+02   0.1318359E+02
   0.4882812E+00   0.4882812E+00   0.1318359E+02   0.1342773E+02   0.1367188E+02
   0.4882812E+00   0.4882812E+00   0.1367188E+02   0.1391602E+02   0.1416016E+02
   0.4882812E+00   0.4882812E+00   0.1416016E+02   0.1440430E+02   0.1464844E+02
   0.4882812E+00   0.4882812E+00   0.1464844E+02   0.1489258E+02   0.1513672E+02
   0.4882812E+00   0.4882812E+00   0.1513672E+02   0.1538086E+02   0.1562500E+02
   0.4882812E+00   0.4882812E+00   0.1562500E+02   0.1586914E+02   0.1611328E+02
   0.4882812E+00   0.4882812E+00   0.1611328E+02   0.1635742E+02   0.1660156E+02
   0.4882812E+00   0.4882812E+00   0.1660156E+02   0.1684570E+02   0.1708984E+02
   0.4882812E+00   0.4882812E+00   0.1708984E+02   0.1733398E+02   0.1757812E+02
   0.4882812E+00   0.4882812E+00   0.1757812E+02   0.1782227E+02   0.1806641E+02
   0.4882812E+00   0.4882812E+00   0.1806641E+02   0.1831055E+02   0.1855469E+02
   0.4882812E+00   0.4882812E+00   0.1855469E+02   0.1879883E+02   0.1904297E+02
   0.4882812E+00   0.4882812E+00   0.1904297E+02   0.1928711E+02   0.1953125E+02
   0.4882812E+00   0.4882812E+00   0.1953125E+02   0.1977539E+02   0.2001953E+02
   0.4882812E+00   0.4882812E+00   0.2001953E+02   0.2026367E+02   0.2050781E+02
   0.4882812E+00   0.4882812E+00   0.2050781E+02   0.2075195E+02   0.2099609E+02
   0.4882812E+00   0.4882812E+00   0.2099609E+02   0.2124023E+02   0.2148438E+02
   0.4882812E+00   0.4882812E+00   0.2148438E+02   0.2172852E+02   0.2197266E+02
   0.4882812E+00   0.4882812E+00   0.2197266E+02   0.2221680E+02   0.2246094E+02
   0.4882812E+00   0.4882812E+00   0.2246094E+02   0.2270508E+02   0.2294922E+02
   0.4882812E+00   0.4882812E+00   0.2294922E+02   0.2319336E+02   0.2343750E+02
   0.4882812E+00   0.4882812E+00   0.2343750E+02   0.2368164E+02   0.2392578E+02
   0.4882812E+00   0.4882812E+00   0.2392578E+02   0.2416992E+02   0.2441406E+02
   0.4882812E+00   0.4882812E+00   0.2441406E+02   0.2465820E+02   0.2490234E+02
   0.4882812E+00   0.4882812E+00   0.2490234E+02   0.2514648E+02   0.2539062E+02
   0.4882812E+00   0.4882812E+00   0.2539062E+02   0.2563477E+02   0.2587891E+02
   0.4882812E+00   0.4882812E+00   0.2587891E+02   0.2612305E+02   0.2636719E+02
   0.4882812E+00   0.4882812E+00   0.2636719E+02   0.2661133E+02   0.2685547E+02
   0.4882812E+00   0.4882812E+00   0.2685547E+02   0.2709961E+02   0.2734375E+02
   0.4882812E+00   0.4882812E+00   0.2734375E+02   0.2758789E+02   0.2783203E+02
   0.4882812E+00   0.4882812E+00   0.2783203E+02   0.2807617E+02   0.2832031E+02
   0.4882812E+00   0.4882812E+00   0.2832031E+02   0.2856445E+02   0.2880859E+02
   0.4882812E+00   0.4882812E+00   0.2880859E+02   0.2905273E+02   0.2929688E+02
   0.4882812E+00   0.4882812E+00   0.2929688E+02   0.2954102E+02   0.2978516E+02
   0.4882812E+00   0.4882812E+00   0.2978516E+02   0.3002930E+02   0.3027344E+02
   0.4882812E+00   0.4882812E+00   0.3027344E+02   0.3051758E+02   0.3076172E+02
   0.4882812E+00   0.4882812E+00   0.3076172E+02   0.3100586E+02   0.3125000E+02
   0.4882812E+00   0.4882812E+00   0.3125000E+02   0.3149414E+02   0.3173828E+02
   0.4882812E+00   0.4882812E+00   0.3173828E+02   0.3198242E+02   0.3222656E+02
   0.4882812E+00   0.4882812E+00   0.3222656E+02   0.3247070E+02   0.3271484E+02
   0.4882812E+00   0.4882812E+00   0.3271484E+02   0.3295898E+02   0.3320312E+02
   0.4882812E+00   0.4882812E+00   0.3320312E+02   0.3344727E+02   0.3369141E+02
   0.4882812E+00   0.4882812E+00   0.3369141E+02   0.3393555E+02   0.3417969E+02
   0.4882812E+00   0.4882812E+00   0.3417969E+02   0.3442383E+02   0.3466797E+02
   0.4882812E+00   0.4882812E+00   0.3466797E+02   0.3491211E+02   0.3515625E+02
   0.4882812E+00   0.4882812E+00   0.3515625E+02   0.3540039E+02   0.3564453E+02
   0.4882812E+00   0.4882812E+00   0.3564453E+02   0.3588867E+02   0.3613281E+02
   0.4882812E+00   0.4882812E+00   0.3613281E+02   0.3637695E+02   0.3662109E+02
   0.4882812E+00   0.4882812E+00   0.3662109E+02   0.3686523E+02   0.3710938E+02
   0.4882812E+00   0.4882812E+00   0.3710938E+02   0.3735352E+02   0.3759766E+02
   0.4882812E+00   0.4882812E+00   0.3759766E+02   0.3784180E+02   0.3808594E+02
   0.4882812E+00   0.4882812E+00   0.3808594E+02   0.3833008E+02   0.3857422E+02
   0.4882812E+00   0.4882812E+00   0.3857422E+02   0.3881836E+02   0.3906250E+02
   0.4882812E+00   0.4882812E+00   0.3906250E+02   0.3930664E+02   0.3955078E+02
   0.4882812E+00   0.4882812E+00   0.3955078E+02   0.3979492E+02   0.4003906E+02
   0.4882812E+00   0.4882812E+00   0.4003906E+02   0.4028320E+02   0.4052734E+02
   0.4882812E+00   0.4882812E+00   0.4052734E+02   0.4077148E+02   0.4101562E+02
   0.4882812E+00   0.4882812E+00   0.4101562E+02   0.4125977E+02   0.4150391E+02
   0.4882812E+00   0.4882812E+00   0.4150391E+02   0.4174805E+02   0.4199219E+02
   0.4882812E+00   0.4882812E+00   0.4199219E+02   0.4223633E+02   0.4248047E+02
   0.4882812E+00   0.4882812E+00   0.4248047E+02   0.4272461E+02   0.4296875E+02
   0.4882812E+00   0.4882812E+00   0.4296875E+02   0.4321289E+02   0.4345703E+02
   0.4882812E+00   0.4882812E+00   0.4345703E+02   0.4370117E+02   0.4394531E+02
   0.4882812E+00   0.4882812E+00   0.4394531E+02   0.4418945E+02   0.4443359E+02
   0.4882812E+00   0.4882812E+00   0.4443359E+02   0.4467773E+02   0.4492188E+02
   0.4882812E+00   0.4882812E+00   0.4492188E+02   0.4516602E+02   0.4541016E+02
   0.4882812E+00   0.4882812E+00   0.4541016E+02   0.4565430E+02   0.4589844E+02
   0.4882812E+00   0.4882812E+00   0.4589844E+02   0.4614258E+02   0.4638672E+02
   0.4882812E+00   0.4882812E+00   0.4638672E+02   0.4663086E+02   0.4687500E+02
   0.4882812E+00   0.4882812E+00   0.4687500E+02   0.4711914E+02   0.4736328E+02
   0.4882812E+00   0.4882812E+00   0.4736328E+02   0.4760742E+02   0.4785156E+02
   0.4882812E+00   0.4882812E+00   0.4785156E+02   0.4809570E+02   0.4833984E+02
   0.4882812E+00   0.4882812E+00   0.4833984E+02   0.4858398E+02   0.4882812E+02
   0.4882812E+00   0.4882812E+00   0.4882812E+02   0.4907227E+02   0.4931641E+02
   0.4882812E+00   0.4882812E+00   0.4931641E+02   0.4956055E+02   0.4980469E+02
   0.4882812E+00   0.4882812E+00   0.4980469E+02   0.5004883E+02   0.5029297E+02
   0.4882812E+00   0.4882812E+00   0.5029297E+02   0.5053711E+02   0.5078125E+02
   0.4882812E+00   0.4882812E+00   0.5078125E+02   0.5102539E+02   0.5126953E+02
   0.4882812E+00   0.4882812E+00   0.5126953E+02   0.5151367E+02   0.5175781E+02
   0.4882812E+00   0.4882812E+00   0.5175781E+02   0.5200195E+02   0.5224609E+02
   0.4882812E+00   0.4882812E+00   0.5224609E+02   0.5249023E+02   0.5273438E+02
   0.4882812E+00   0.4882812E+00   0.5273438E+02   0.5297852E+02   0.5322266E+02
   0.4882812E+00   0.4882812E+00   0.5322266E+02   0.5346680E+02   0.5371094E+02
   0.4882812E+00   0.4882812E+00   0.5371094E+02   0.5395508E+02   0.5419922E+02
   0.4882812E+00   0.4882812E+00   0.5419922E+02   0.5444336E+02   0.5468750E+02
   0.4882812E+00   0.4882812E+00   0.5468750E+02   0.5493164E+02   0.5517578E+02
   0.4882812E+00   0.4882812E+00   0.5517578E+02   0.5541992E+02   0.5566406E+02
   0.4882812E+00   0.4882812E+00   0.5566406E+02   0.5590820E+02   0.5615234E+02
   0.4882812E+00   0.4882812E+00   0.5615234E+02   0.5639648E+02   0.5664062E+02
   0.4882812E+00   0.4882812E+00   0.5664062E+02   0.5688477E+02   0.5712891E+02
   0.4882812E+00   0.4882812E+00   0.5712891E+02   0.5737305E+02   0.5761719E+02
   0.4882812E+00   0.4882812E+00   0.5761719E+02   0.5786133E+02   0.5810547E+02
   0.4882812E+00   0.4882812E+00   0.5810547E+02   0.5834961E+02   0.5859375E+02
   0.4882812E+00   0.4882812E+00   0.5859375E+02   0.5883789E+02   0.5908203E+02
   0.4882812E+00   0.4882812E+00   0.5908203E+02   0.5932617E+02   0.5957031E+02
   0.4882812E+00   0.4882812E+00   0.5957031E+02   0.5981445E+02   0.6005859E+02
   0.4882812E+00   0.4882812E+00   0.6005859E+02   0.6030273E+02   0.6054688E+02
   0.4882812E+00   0.4882812E+00   0.6054688E+02   0.6079102E+02   0.6103516E+02
   0.4882812E+00   0.4882812E+00   0.6103516E+02   0.6127930E+02   0.6152344E+02
   0.4882812E+00   0.4882812E+00   0.6152344E+02   0.6176758E+02   0.6201172E+02
   0.4882812E+00   0.4882812E+00   0.6201172E+02   0.6225586E+02   0.6250000E+02
   0.4882812E+00   0.4882812E+00   0.6250000E+02   0.6274414E+02   0.6298828E+02
   0.4882812E+00   0.4882812E+00   0.6298828E+02   0.6323242E+02   0.6347656E+02
   0.4882812E+00   0.4882812E+00   0.6347656E+02   0.6372070E+02   0.6396484E+02
   0.4882812E+00   0.4882812E+00   0.6396484E+02   0.6420898E+02   0.6445312E+02
   0.4882812E+00   0.4882812E+00   0.6445312E+02   0.6469727E+02   0.6494141E+02
   0.4882812E+00   0.4882812E+00   0.6494141E+02   0.6518555E+02   0.6542969E+02
   0.4882812E+00   0.4882812E+00   0.6542969E+02   0.6567383E+02   0.6591797E+02
   0.4882812E+00   0.4882812E+00   0.6591797E+02   0.6616211E+02   0.6640625E+02
   0.4882812E+00   0.4882812E+00   0.6640625E+02   0.6665039E+02   0.6689453E+02
   0.4882812E+00   0.4882812E+00   0.6689453E+02   0.6713867E+02   0.6738281E+02
   0.4882812E+00   0.4882812E+00   0.6738281E+02   0.6762695E+02   0.6787109E+02
   0.4882812E+00   0.4882812E+00   0.6787109E+02   0.6811523E+02   0.6835938E+02
   0.4882812E+00   0.4882812E+00   0.6835938E+02   0.6860352E+02   0.6884766E+02
   0.4882812E+00   0.4882812E+00   0.6884766E+02   0.6909180E+02   0.6933594E+02
   0.4882812E+00   0.4882812E+00   0.6933594E+02   0.6958008E+02   0.6982422E+02
   0.4882812E+00   0.4882812E+00   0.6982422E+02   0.7006836E+02   0.7031250E+02
   0.4882812E+00   0.4882812E+00   0.7031250E+02   0.7055664E+02   0.7080078E+02
   0.4882812E+00   0.4882812E+00   0.7080078E+02   0.7104492E+02   0.7128906E+02
   0.4882812E+00   0.4882812E+00   0.7128906E+02   0.7153320E+02   0.7177734E+02
   0.4882812E+00   0.4882812E+00   0.7177734E+02   0.7202148E+02   0.7226562E+02
   0.4882812E+00   0.4882812E+00   0.7226562E+02   0.7250977E+02   0.7275391E+02
   0.4882812E+00   0.4882812E+00   0.7275391E+02   0.7299805E+02   0.7324219E+02
   0.4882812E+00   0.4882812E+00   0.7324219E+02   0.7348633E+02   0.7373047E+02
   0.4882812E+00   0.4882812E+00   0.7373047E+02   0.7397461E+02   0.7421875E+02
   0.4882812E+00   0.4882812E+00   0.7421875E+02   0.7446289E+02   0.7470703E+02
   0.4882812E+00   0.4882812E+00   0.7470703E+02   0.7495117E+02   0.7519531E+02
   0.4882812E+00   0.4882812E+00   0.7519531E+02   0.7543945E+02   0.7568359E+02
   0.4882812E+00   0.4882812E+00   0.7568359E+02   0.7592773E+02   0.7617188E+02
   0.4882812E+00   0.4882812E+00   0.7617188E+02   0.7641602E+02   0.7666016E+02
   0.4882812E+00   0.4882812E+00   0.7666016E+02   0.7690430E+02   0.7714844E+02
   0.4882812E+00   0.4882812E+00   0.7714844E+02   0.7739258E+02   0.7763672E+02
   0.4882812E+00   0.4882812E+00   0.7763672E+02   0.7788086E+02   0.7812500E+02
   0.4882812E+00   0.4882812E+00   0.7812500E+02   0.7836914E+02   0.7861328E+02
   0.4882812E+00   0.4882812E+00   0.7861328E+02   0.7885742E+02   0.7910156E+02
   0.4882812E+00   0.4882812E+00   0.7910156E+02   0.7934570E+02   0.7958984E+02
   0.4882812E+00   0.4882812E+00   0.7958984E+02   0.7983398E+02   0.8007812E+02
   0.4882812E+00   0.4882812E+00   0.8007812E+02   0.8032227E+02   0.8056641E+02
   0.4882812E+00   0.4882812E+00   0.8056641E+02   0.8081055E+02   0.8105469E+02
   0.4882812E+00   0.4882812E+00   0.8105469E+02   0.8129883E+02   0.8154297E+02
   0.4882812E+00   0.4882812E+00   0.8154297E+02   0.8178711E+02   0.8203125E+02
   0.4882812E+00   0.4882812E+00   0.8203125E+02   0.8227539E+02   0.8251953E+02
   0.4882812E+00   0.4882812E+00   0.8251953E+02   0.8276367E+02   0.8300781E+02
   0.4882812E+00   0.4882812E+00   0.8300781E+02   0.8325195E+02   0.8349609E+02
   0.4882812E+00   0.4882812E+00   0.8349609E+02   0.8374023E+02   0.8398438E+02
   0.4882812E+00   0.4882812E+00   0.8398438E+02   0.8422852E+02   0.8447266E+02
   0.4882812E+00   0.4882812E+00   0.8447266E+02   0.8471680E+02   0.8496094E+02
   0.4882812E+00   0.4882812E+00   0.8496094E+02   0.8520508E+02   0.8544922E+02
   0.4882812E+00   0.4882812E+00   0.8544922E+02   0.8569336E+02   0.8593750E+02
   0.4882812E+00   0.4882812E+00   0.8593750E+02   0.8618164E+02   0.8642578E+02
   0.4882812E+00   0.4882812E+00   0.8642578E+02   0.8666992E+02   0.8691406E+02
   0.4882812E+00   0.4882812E+00   0.8691406E+02   0.8715820E+02   0.8740234E+02
   0.4882812E+00   0.4882812E+00   0.8740234E+02   0.8764648E+02   0.8789062E+02
   0.4882812E+00   0.4882812E+00   0.8789062E+02   0.8813477E+02   0.8837891E+02
   0.4882812E+00   0.4882812E+00   0.8837891E+02   0.8862305E+02   0.8886719E+02
   0.4882812E+00   0.4882812E+00   0.8886719E+02   0.8911133E+02   0.8935547E+02
   0.4882812E+00   0.4882812E+00   0.8935547E+02   0.8959961E+02   0.8984375E+02
   0.4882812E+00   0.4882812E+00   0.8984375E+02   0.9008789E+02   0.9033203E+02
   0.4882812E+00   0.4882812E+00   0.9033203E+02   0.9057617E+02   0.9082031E+02
   0.4882812E+00   0.4882812E+00   0.9082031E+02   0.9106445E+02   0.9130859E+02
   0.4882812E+00   0.4882812E+00   0.9130859E+02   0.9155273E+02   0.9179688E+02
   0.4882812E+00   0.4882812E+00   0.9179688E+02   0.9204102E+02   0.9228516E+02
   0.4882812E+00   0.4882812E+00   0.9228516E+02   0.9252930E+02   0.9277344E+02
   0.4882812E+00   0.4882812E+00   0.9277344E+02   0.9301758E+02   0.9326172E+02
   0.4882812E+00   0.4882812E+00   0.9326172E+02   0.9350586E+02   0.9375000E+02
   0.4882812E+00   0.4882812E+00   0.9375000E+02   0.9399414E+02   0.9423828E+02
   0.4882812E+00   0.4882812E+00   0.9423828E+02   0.9448242E+02   0.9472656E+02
   0.4882812E+00   0.4882812E+00   0.9472656E+02   0.9497070E+02   0.9521484E+02
   0.4882812E+00   0.4882812E+00   0.9521484E+02   0.9545898E+02   0.9570312E+02
   0.4882812E+00   0.4882812E+00   0.9570312E+02   0.9594727E+02   0.9619141E+02
   0.4882812E+00   0.4882812E+00   0.9619141E+02   0.9643555E+02   0.9667969E+02
   0.4882812E+00   0.4882812E+00   0.9667969E+02   0.9692383E+02   0.9716797E+02
   0.4882812E+00   0.4882812E+00   0.9716797E+02   0.9741211E+02   0.9765625E+02
   0.4882812E+00   0.4882812E+00   0.9765625E+02   0.9790039E+02   0.9814453E+02
   0.4882812E+00   0.4882812E+00   0.9814453E+02   0.9838867E+02   0.9863281E+02
   0.4882812E+00   0.4882812E+00   0.9863281E+02   0.9887695E+02   0.9912109E+02
   0.4882812E+00   0.4882812E+00   0.9912109E+02   0.9936523E+02   0.9960938E+02
   0.4882812E+00   0.4882812E+00   0.9960938E+02   0.9985352E+02   0.1000977E+03
   0.4882812E+00   0.4882812E+00   0.1000977E+03   0.1003418E+03   0.1005859E+03
   0.4882812E+00   0.4882812E+00   0.1005859E+03   0.1008301E+03   0.1010742E+03
   0.4882812E+00   0.4882812E+00   0.1010742E+03   0.1013184E+03   0.1015625E+03
   0.4882812E+00   0.4882812E+00   0.1015625E+03   0.1018066E+03   0.1020508E+03
   0.4882812E+00   0.4882812E+00   0.1020508E+03   0.1022949E+03   0.1025391E+03
   0.4882812E+00   0.4882812E+00   0.1025391E+03   0.1027832E+03   0.1030273E+03
   0.4882812E+00   0.4882812E+00   0.1030273E+03   0.1032715E+03   0.1035156E+03
   0.4882812E+00   0.4882812E+00   0.1035156E+03   0.1037598E+03   0.1040039E+03
   0.4882812E+00   0.4882812E+00   0.1040039E+03   0.1042480E+03   0.1044922E+03
   0.4882812E+00   0.4882812E+00   0.1044922E+03   0.1047363E+03   0.1049805E+03
   0.4882812E+00   0.4882812E+00   0.1049805E+03   0.1052246E+03   0.1054688E+03
   0.4882812E+00   0.4882812E+00   0.1054688E+03   0.1057129E+03   0.1059570E+03
   0.4882812E+00   0.4882812E+00   0.1059570E+03   0.1062012E+03   0.1064453E+03
   0.4882812E+00   0.4882812E+00   0.1064453E+03   0.1066895E+03   0.1069336E+03
   0.4882812E+00   0.4882812E+00   0.1069336E+03   0.1071777E+03   0.1074219E+03
   0.4882812E+00   0.4882812E+00   0.1074219E+03   0.1076660E+03   0.1079102E+03
   0.4882812E+00   0.4882812E+00   0.1079102E+03   0.1081543E+03   0.1083984E+03
   0.4882812E+00   0.4882812E+00   0.1083984E+03   0.1086426E+03   0.1088867E+03
   0.4882812E+00   0.4882812E+00   0.1088867E+03   0.1091309E+03   0.1093750E+03
   0.4882812E+00   0.4882812E+00   0.1093750E+03   0.1096191E+03   0.1098633E+03
   0.4882812E+00   0.4882812E+00   0.1098633E+03   0.1101074E+03   0.1103516E+03
   0.4882812E+00   0.4882812E+00   0.1103516E+03   0.1105957E+03   0.1108398E+03
   0.4882812E+00   0.4882812E+00   0.1108398E+03   0.1110840E+03   0.1113281E+03
   0.4882812E+00   0.4882812E+00   0.1113281E+03   0.1115723E+03   0.1118164E+03
   0.4882812E+00   0.4882812E+00   0.1118164E+03   0.1120605E+03   0.1123047E+03
   0.4882812E+00   0.4882812E+00   0.1123047E+03   0.1125488E+03   0.1127930E+03
   0.4882812E+00   0.4882812E+00   0.1127930E+03   0.1130371E+03   0.1132812E+03
   0.4882812E+00   0.4882812E+00   0.1132812E+03   0.1135254E+03   0.1137695E+03
   0.4882812E+00   0.4882812E+00   0.1137695E+03   0.1140137E+03   0.1142578E+03
   0.4882812E+00   0.4882812E+00   0.1142578E+03   0.1145020E+03   0.1147461E+03
   0.4882812E+00   0.4882812E+00   0.1147461E+03   0.1149902E+03   0.1152344E+03
   0.4882812E+00   0.4882812E+00   0.1152344E+03   0.1154785E+03   0.1157227E+03
   0.4882812E+00   0.4882812E+00   0.1157227E+03   0.1159668E+03   0.1162109E+03
   0.4882812E+00   0.4882812E+00   0.1162109E+03   0.1164551E+03   0.1166992E+03
   0.4882812E+00   0.4882812E+00   0.1166992E+03   0.1169434E+03   0.1171875E+03
   0.4882812E+00   0.4882812E+00   0.1171875E+03   0.1174316E+03   0.1176758E+03
   0.4882812E+00   0.4882812E+00   0.1176758E+03   0.1179199E+03   0.1181641E+03
   0.4882812E+00   0.4882812E+00   0.1181641E+03   0.1184082E+03   0.1186523E+03
   0.4882812E+00   0.4882812E+00   0.1186523E+03   0.1188965E+03   0.1191406E+03
   0.4882812E+00   0.4882812E+00   0.1191406E+03   0.1193848E+03   0.1196289E+03
   0.4882812E+00   0.4882812E+00   0.1196289E+03   0.1198730E+03   0.1201172E+03
   0.4882812E+00   0.4882812E+00   0.1201172E+03   0.1203613E+03   0.1206055E+03
   0.4882812E+00   0.4882812E+00   0.1206055E+03   0.1208496E+03   0.1210938E+03
   0.4882812E+00   0.4882812E+00   0.1210938E+03   0.1213379E+03   0.1215820E+03
   0.4882812E+00   0.4882812E+00   0.1215820E+03   0.1218262E+03   0.1220703E+03
   0.4882812E+00   0.4882812E+00   0.1220703E+03   0.1223145E+03   0.1225586E+03
   0.4882812E+00   0.4882812E+00   0.1225586E+03   0.1228027E+03   0.1230469E+03
   0.4882812E+00   0.4882812E+00   0.1230469E+03   0.1232910E+03   0.1235352E+03
   0.4882812E+00   0.4882812E+00   0.1235352E+03   0.1237793E+03   0.1240234E+03
   0.4882812E+00   0.4882812E+00   0.1240234E+03   0.1242676E+03   0.1245117E+03
   0.4882812E+00   0.4882812E+00   0.1245117E+03   0.1247559E+03   0.1250000E+03
   0.4922651E+00   0.4922651E+00   0.1250000E+03   0.1252461E+03   0.1254923E+03
   0.4962814E+00   0.4962814E+00   0.1254923E+03   0.1257404E+03   0.1259885E+03
   0.5003305E+00   0.5003305E+00   0.1259885E+03   0.1262387E+03   0.1264889E+03
   0.5044126E+00   0.5044126E+00   0.1264889E+03   0.1267411E+03   0.1269933E+03
   0.5085281E+00   0.5085281E+00   0.1269933E+03   0.1272476E+03   0.1275018E+03
   0.5126771E+00   0.5126771E+00   0.1275018E+03   0.1277582E+03   0.1280145E+03
   0.5168599E+00   0.5168599E+00   0.1280145E+03   0.1282729E+03   0.1285314E+03
   0.5210769E+00   0.5210769E+00   0.1285314E+03   0.1287919E+03   0.1290524E+03
   0.5253283E+00   0.5253283E+00   0.1290524E+03   0.1293151E+03   0.1295778E+03
   0.5296144E+00   0.5296144E+00   0.1295778E+03   0.1298426E+03   0.1301074E+03
   0.5339355E+00   0.5339355E+00   0.1301074E+03   0.1303743E+03   0.1306413E+03
   0.5382918E+00   0.5382918E+00   0.1306413E+03   0.1309105E+03   0.1311796E+03
   0.5426836E+00   0.5426836E+00   0.1311796E+03   0.1314509E+03   0.1317223E+03
   0.5471113E+00   0.5471113E+00   0.1317223E+03   0.1319958E+03   0.1322694E+03
   0.5515751E+00   0.5515751E+00   0.1322694E+03   0.1325452E+03   0.1328210E+03
   0.5560754E+00   0.5560754E+00   0.1328210E+03   0.1330990E+03   0.1333770E+03
   0.5606123E+00   0.5606123E+00   0.1333770E+03   0.1336574E+03   0.1339377E+03
   0.5651863E+00   0.5651863E+00   0.1339377E+03   0.1342203E+03   0.1345028E+03
   0.5697976E+00   0.5697976E+00   0.1345028E+03   0.1347877E+03   0.1350726E+03
   0.5744465E+00   0.5744465E+00   0.1350726E+03   0.1353599E+03   0.1356471E+03
   0.5791333E+00   0.5791333E+00   0.1356471E+03   0.1359367E+03   0.1362262E+03
   0.5838584E+00   0.5838584E+00   0.1362262E+03   0.1365182E+03   0.1368101E+03
   0.5886220E+00   0.5886220E+00   0.1368101E+03   0.1371044E+03   0.1373987E+03
   0.5934245E+00   0.5934245E+00   0.1373987E+03   0.1376954E+03   0.1379921E+03
   0.5982662E+00   0.5982662E+00   0.1379921E+03   0.1382913E+03   0.1385904E+03
   0.6031473E+00   0.6031473E+00   0.1385904E+03   0.1388920E+03   0.1391935E+03
   0.6080683E+00   0.6080683E+00   0.1391935E+03   0.1394976E+03   0.1398016E+03
   0.6130295E+00   0.6130295E+00   0.1398016E+03   0.1401081E+03   0.1404146E+03
   0.6180311E+00   0.6180311E+00   0.1404146E+03   0.1407237E+03   0.1410327E+03
   0.6230735E+00   0.6230735E+00   0.1410327E+03   0.1413442E+03   0.1416557E+03
   0.6281571E+00   0.6281571E+00   0.1416557E+03   0.1419698E+03   0.1422839E+03
   0.6332822E+00   0.6332822E+00   0.1422839E+03   0.1426005E+03   0.1429172E+03
   0.6384490E+00   0.6384490E+00   0.1429172E+03   0.1432364E+03   0.1435556E+03
   0.6436581E+00   0.6436581E+00   0.1435556E+03   0.1438775E+03   0.1441993E+03
   0.6489096E+00   0.6489096E+00   0.1441993E+03   0.1445237E+03   0.1448482E+03
   0.6542039E+00   0.6542039E+00   0.1448482E+03   0.1451753E+03   0.1455024E+03
   0.6595415E+00   0.6595415E+00   0.1455024E+03   0.1458322E+03   0.1461619E+03
   0.6649226E+00   0.6649226E+00   0.1461619E+03   0.1464944E+03   0.1468269E+03
   0.6703476E+00   0.6703476E+00   0.1468269E+03   0.1471620E+03   0.1474972E+03
   0.6758169E+00   0.6758169E+00   0.1474972E+03   0.1478351E+03   0.1481730E+03
   0.6813308E+00   0.6813308E+00   0.1481730E+03   0.1485137E+03   0.1488544E+03
   0.6868897E+00   0.6868897E+00   0.1488544E+03   0.1491978E+03   0.1495413E+03
   0.6924940E+00   0.6924940E+00   0.1495413E+03   0.1498875E+03   0.1502337E+03
   0.6981439E+00   0.6981439E+00   0.1502337E+03   0.1505828E+03   0.1509319E+03
   0.7038400E+00   0.7038400E+00   0.1509319E+03   0.1512838E+03   0.1516357E+03
   0.7095825E+00   0.7095825E+00   0.1516357E+03   0.1519905E+03   0.1523453E+03
   0.7153719E+00   0.7153719E+00   0.1523453E+03   0.1527030E+03   0.1530607E+03
   0.7212085E+00   0.7212085E+00   0.1530607E+03   0.1534213E+03   0.1537819E+03
   0.7270928E+00   0.7270928E+00   0.1537819E+03   0.1541454E+03   0.1545090E+03
   0.7330250E+00   0.7330250E+00   0.1545090E+03   0.1548755E+03   0.1552420E+03
   0.7390057E+00   0.7390057E+00   0.1552420E+03   0.1556115E+03   0.1559810E+03
   0.7450352E+00   0.7450352E+00   0.1559810E+03   0.1563535E+03   0.1567261E+03
   0.7511138E+00   0.7511138E+00   0.1567261E+03   0.1571016E+03   0.1574772E+03
   0.7572420E+00   0.7572420E+00   0.1574772E+03   0.1578558E+03   0.1582344E+03
   0.7634203E+00   0.7634203E+00   0.1582344E+03   0.1586161E+03   0.1589978E+03
   0.7696489E+00   0.7696489E+00   0.1589978E+03   0.1593827E+03   0.1597675E+03
   0.7759284E+00   0.7759284E+00   0.1597675E+03   0.1601554E+03   0.1605434E+03
   0.7822591E+00   0.7822591E+00   0.1605434E+03   0.1609345E+03   0.1613257E+03
   0.7886414E+00   0.7886414E+00   0.1613257E+03   0.1617200E+03   0.1621143E+03
   0.7950759E+00   0.7950759E+00   0.1621143E+03   0.1625118E+03   0.1629094E+03
   0.8015628E+00   0.8015628E+00   0.1629094E+03   0.1633102E+03   0.1637109E+03
   0.8081026E+00   0.8081026E+00   0.1637109E+03   0.1641150E+03   0.1645190E+03
   0.8146958E+00   0.8146958E+00   0.1645190E+03   0.1649264E+03   0.1653337E+03
   0.8213428E+00   0.8213428E+00   0.1653337E+03   0.1657444E+03   0.1661551E+03
   0.8280441E+00   0.8280441E+00   0.1661551E+03   0.1665691E+03   0.1669831E+03
   0.8348000E+00   0.8348000E+00   0.1669831E+03   0.1674005E+03   0.1678179E+03
   0.8416110E+00   0.8416110E+00   0.1678179E+03   0.1682387E+03   0.1686595E+03
   0.8484776E+00   0.8484776E+00   0.1686595E+03   0.1690838E+03   0.1695080E+03
   0.8554002E+00   0.8554002E+00   0.1695080E+03   0.1699357E+03   0.1703634E+03
   0.8623793E+00   0.8623793E+00   0.1703634E+03   0.1707946E+03   0.1712258E+03
   0.8694153E+00   0.8694153E+00   0.1712258E+03   0.1716605E+03   0.1720952E+03
   0.8765088E+00   0.8765088E+00   0.1720952E+03   0.1725335E+03   0.1729717E+03
   0.8836601E+00   0.8836601E+00   0.1729717E+03   0.1734136E+03   0.1738554E+03
   0.8908698E+00   0.8908698E+00   0.1738554E+03   0.1743008E+03   0.1747463E+03
   0.8981383E+00   0.8981383E+00   0.1747463E+03   0.1751953E+03   0.1756444E+03
   0.9054661E+00   0.9054661E+00   0.1756444E+03   0.1760971E+03   0.1765499E+03
   0.9128536E+00   0.9128536E+00   0.1765499E+03   0.1770063E+03   0.1774627E+03
   0.9203015E+00   0.9203015E+00   0.1774627E+03   0.1779229E+03   0.1783830E+03
   0.9278101E+00   0.9278101E+00   0.1783830E+03   0.1788469E+03   0.1793108E+03
   0.9353800E+00   0.9353800E+00   0.1793108E+03   0.1797785E+03   0.1802462E+03
   0.9430116E+00   0.9430116E+00   0.1802462E+03   0.1807177E+03   0.1811892E+03
   0.9507055E+00   0.9507055E+00   0.1811892E+03   0.1816646E+03   0.1821399E+03
   0.9584622E+00   0.9584622E+00   0.1821399E+03   0.1826192E+03   0.1830984E+03
   0.9662822E+00   0.9662822E+00   0.1830984E+03   0.1835815E+03   0.1840647E+03
   0.9741660E+00   0.9741660E+00   0.1840647E+03   0.1845517E+03   0.1850388E+03
   0.9821141E+00   0.9821141E+00   0.1850388E+03   0.1855299E+03   0.1860209E+03
   0.9901270E+00   0.9901270E+00   0.1860209E+03   0.1865160E+03   0.1870111E+03
   0.9982053E+00   0.9982053E+00   0.1870111E+03   0.1875102E+03   0.1880093E+03
   0.1006350E+01   0.1006350E+01   0.1880093E+03   0.1885125E+03   0.1890156E+03
   0.1014560E+01   0.1014560E+01   0.1890156E+03   0.1895229E+03   0.1900302E+03
   0.1022838E+01   0.1022838E+01   0.1900302E+03   0.1905416E+03   0.1910530E+03
   0.1031183E+01   0.1031183E+01   0.1910530E+03   0.1915686E+03   0.1920842E+03
   0.1039596E+01   0.1039596E+01   0.1920842E+03   0.1926040E+03   0.1931238E+03
   0.1048078E+01   0.1048078E+01   0.1931238E+03   0.1936478E+03   0.1941719E+03
   0.1056629E+01   0.1056629E+01   0.1941719E+03   0.1947002E+03   0.1952285E+03
   0.1065250E+01   0.1065250E+01   0.1952285E+03   0.1957611E+03   0.1962938E+03
   0.1073942E+01   0.1073942E+01   0.1962938E+03   0.1968307E+03   0.1973677E+03
   0.1082704E+01   0.1082704E+01   0.1973677E+03   0.1979091E+03   0.1984504E+03
   0.1091537E+01   0.1091537E+01   0.1984504E+03   0.1989962E+03   0.1995419E+03
   0.1100443E+01   0.1100443E+01   0.1995419E+03   0.2000922E+03   0.2006424E+03
   0.1109421E+01   0.1109421E+01   0.2006424E+03   0.2011971E+03   0.2017518E+03
   0.1118473E+01   0.1118473E+01   0.2017518E+03   0.2023110E+03   0.2028703E+03
   0.1127599E+01   0.1127599E+01   0.2028703E+03   0.2034341E+03   0.2039979E+03
   0.1136798E+01   0.1136798E+01   0.2039979E+03   0.2045663E+03   0.2051347E+03
   0.1146073E+01   0.1146073E+01   0.2051347E+03   0.2057077E+03   0.2062808E+03
   0.1155424E+01   0.1155424E+01   0.2062808E+03   0.2068585E+03   0.2074362E+03
   0.1164851E+01   0.1164851E+01   0.2074362E+03   0.2080186E+03   0.2086010E+03
   0.1174355E+01   0.1174355E+01   0.2086010E+03   0.2091882E+03   0.2097754E+03
   0.1183936E+01   0.1183936E+01   0.2097754E+03   0.2103674E+03   0.2109593E+03
   0.1193596E+01   0.1193596E+01   0.2109593E+03   0.2115561E+03   0.2121529E+03
   0.1203334E+01   0.1203334E+01   0.2121529E+03   0.2127546E+03   0.2133562E+03
   0.1213152E+01   0.1213152E+01   0.2133562E+03   0.2139628E+03   0.2145694E+03
   0.1223050E+01   0.1223050E+01   0.2145694E+03   0.2151809E+03   0.2157925E+03
   0.1233029E+01   0.1233029E+01   0.2157925E+03   0.2164090E+03   0.2170255E+03
   0.1243089E+01   0.1243089E+01   0.2170255E+03   0.2176470E+03   0.2182686E+03
   0.1253231E+01   0.1253231E+01   0.2182686E+03   0.2188952E+03   0.2195218E+03
   0.1263456E+01   0.1263456E+01   0.2195218E+03   0.2201535E+03   0.2207853E+03
   0.1273764E+01   0.1273764E+01   0.2207853E+03   0.2214221E+03   0.2220590E+03
   0.1284157E+01   0.1284157E+01   0.2220590E+03   0.2227011E+03   0.2233432E+03
   0.1294634E+01   0.1294634E+01   0.2233432E+03   0.2239905E+03   0.2246378E+03
   0.1305197E+01   0.1305197E+01   0.2246378E+03   0.2252904E+03   0.2259430E+03
   0.1315846E+01   0.1315846E+01   0.2259430E+03   0.2266009E+03   0.2272589E+03
   0.1326582E+01   0.1326582E+01   0.2272589E+03   0.2279221E+03   0.2285854E+03
   0.1337405E+01   0.1337405E+01   0.2285854E+03   0.2292541E+03   0.2299228E+03
   0.1348317E+01   0.1348317E+01   0.2299228E+03   0.2305970E+03   0.2312712E+03
   0.1359318E+01   0.1359318E+01   0.2312712E+03   0.2319508E+03   0.2326305E+03
   0.1370408E+01   0.1370408E+01   0.2326305E+03   0.2333157E+03   0.2340009E+03
   0.1381589E+01   0.1381589E+01   0.2340009E+03   0.2346917E+03   0.2353825E+03
   0.1392861E+01   0.1392861E+01   0.2353825E+03   0.2360789E+03   0.2367753E+03
   0.1404225E+01   0.1404225E+01   0.2367753E+03   0.2374774E+03   0.2381796E+03
   0.1415682E+01   0.1415682E+01   0.2381796E+03   0.2388874E+03   0.2395952E+03
   0.1427233E+01   0.1427233E+01   0.2395952E+03   0.2403089E+03   0.2410225E+03
   0.1438877E+01   0.1438877E+01   0.2410225E+03   0.2417419E+03   0.2424614E+03
   0.1450617E+01   0.1450617E+01   0.2424614E+03   0.2431867E+03   0.2439120E+03
   0.1462452E+01   0.1462452E+01   0.2439120E+03   0.2446432E+03   0.2453744E+03
   0.1474384E+01   0.1474384E+01   0.2453744E+03   0.2461116E+03   0.2468488E+03
   0.1486414E+01   0.1486414E+01   0.2468488E+03   0.2475920E+03   0.2483352E+03
   0.1498541E+01   0.1498541E+01   0.2483352E+03   0.2490845E+03   0.2498338E+03
   0.1510767E+01   0.1510767E+01   0.2498338E+03   0.2505891E+03   0.2513445E+03
   0.1523094E+01   0.1523094E+01   0.2513445E+03   0.2521061E+03   0.2528676E+03
   0.1535520E+01   0.1535520E+01   0.2528676E+03   0.2536354E+03   0.2544031E+03
   0.1548048E+01   0.1548048E+01   0.2544031E+03   0.2551772E+03   0.2559512E+03
   0.1560679E+01   0.1560679E+01   0.2559512E+03   0.2567315E+03   0.2575119E+03
   0.1573412E+01   0.1573412E+01   0.2575119E+03   0.2582986E+03   0.2590853E+03
   0.1586249E+01   0.1586249E+01   0.2590853E+03   0.2598784E+03   0.2606715E+03
   0.1599191E+01   0.1599191E+01   0.2606715E+03   0.2614711E+03   0.2622707E+03
   0.1612239E+01   0.1612239E+01   0.2622707E+03   0.2630768E+03   0.2638830E+03
   0.1625393E+01   0.1625393E+01   0.2638830E+03   0.2646957E+03   0.2655084E+03
   0.1638654E+01   0.1638654E+01   0.2655084E+03   0.2663277E+03   0.2671470E+03
   0.1652024E+01   0.1652024E+01   0.2671470E+03   0.2679730E+03   0.2687990E+03
   0.1665503E+01   0.1665503E+01   0.2687990E+03   0.2696318E+03   0.2704645E+03
   0.1679091E+01   0.1679091E+01   0.2704645E+03   0.2713041E+03   0.2721436E+03
   0.1692791E+01   0.1692791E+01   0.2721436E+03   0.2729900E+03   0.2738364E+03
   0.1706602E+01   0.1706602E+01   0.2738364E+03   0.2746897E+03   0.2755430E+03
   0.1720526E+01   0.1720526E+01   0.2755430E+03   0.2764033E+03   0.2772635E+03
   0.1734563E+01   0.1734563E+01   0.2772635E+03   0.2781308E+03   0.2789981E+03
   0.1748716E+01   0.1748716E+01   0.2789981E+03   0.2798725E+03   0.2807468E+03
   0.1762983E+01   0.1762983E+01   0.2807468E+03   0.2816283E+03   0.2825098E+03
   0.1777367E+01   0.1777367E+01   0.2825098E+03   0.2833985E+03   0.2842872E+03
   0.1791868E+01   0.1791868E+01   0.2842872E+03   0.2851831E+03   0.2860790E+03
   0.1806488E+01   0.1806488E+01   0.2860790E+03   0.2869823E+03   0.2878855E+03
   0.1821227E+01   0.1821227E+01   0.2878855E+03   0.2887961E+03   0.2897068E+03
   0.1836086E+01   0.1836086E+01   0.2897068E+03   0.2906248E+03   0.2915428E+03
   0.1851066E+01   0.1851066E+01   0.2915428E+03   0.2924684E+03   0.2933939E+03
   0.1866169E+01   0.1866169E+01   0.2933939E+03   0.2943270E+03   0.2952601E+03
   0.1881395E+01   0.1881395E+01   0.2952601E+03   0.2962008E+03   0.2971415E+03
   0.1896745E+01   0.1896745E+01   0.2971415E+03   0.2980898E+03   0.2990382E+03
   0.1912220E+01   0.1912220E+01   0.2990382E+03   0.2999943E+03   0.3009504E+03
   0.1927822E+01   0.1927822E+01   0.3009504E+03   0.3019144E+03   0.3028783E+03
   0.1943551E+01   0.1943551E+01   0.3028783E+03   0.3038500E+03   0.3048218E+03
   0.1959408E+01   0.1959408E+01   0.3048218E+03   0.3058015E+03   0.3067812E+03
   0.1975394E+01   0.1975394E+01   0.3067812E+03   0.3077689E+03   0.3087566E+03
   0.1991511E+01   0.1991511E+01   0.3087566E+03   0.3097524E+03   0.3107481E+03
   0.2007760E+01   0.2007760E+01   0.3107481E+03   0.3117520E+03   0.3127559E+03
   0.2024141E+01   0.2024141E+01   0.3127559E+03   0.3137680E+03   0.3147800E+03
   0.2040656E+01   0.2040656E+01   0.3147800E+03   0.3158004E+03   0.3168207E+03
   0.2057305E+01   0.2057305E+01   0.3168207E+03   0.3178493E+03   0.3188780E+03
   0.2074090E+01   0.2074090E+01   0.3188780E+03   0.3199150E+03   0.3209521E+03
   0.2091013E+01   0.2091013E+01   0.3209521E+03   0.3219976E+03   0.3230431E+03
   0.2108073E+01   0.2108073E+01   0.3230431E+03   0.3240971E+03   0.3251512E+03
   0.2125272E+01   0.2125272E+01   0.3251512E+03   0.3262138E+03   0.3272764E+03
   0.2142612E+01   0.2142612E+01   0.3272764E+03   0.3283477E+03   0.3294190E+03
   0.2160093E+01   0.2160093E+01   0.3294190E+03   0.3304991E+03   0.3315791E+03
   0.2177717E+01   0.2177717E+01   0.3315791E+03   0.3326680E+03   0.3337569E+03
   0.2195485E+01   0.2195485E+01   0.3337569E+03   0.3348546E+03   0.3359523E+03
   0.2213398E+01   0.2213398E+01   0.3359523E+03   0.3370590E+03   0.3381657E+03
   0.2231457E+01   0.2231457E+01   0.3381657E+03   0.3392815E+03   0.3403972E+03
   0.2249663E+01   0.2249663E+01   0.3403972E+03   0.3415220E+03   0.3426469E+03
   0.2268017E+01   0.2268017E+01   0.3426469E+03   0.3437809E+03   0.3449149E+03
   0.2286522E+01   0.2286522E+01   0.3449149E+03   0.3460581E+03   0.3472014E+03
   0.2305177E+01   0.2305177E+01   0.3472014E+03   0.3483540E+03   0.3495066E+03
   0.2323985E+01   0.2323985E+01   0.3495066E+03   0.3506686E+03   0.3518306E+03
   0.2342946E+01   0.2342946E+01   0.3518306E+03   0.3530020E+03   0.3541735E+03
   0.2362062E+01   0.2362062E+01   0.3541735E+03   0.3553545E+03   0.3565356E+03
   0.2381334E+01   0.2381334E+01   0.3565356E+03   0.3577262E+03   0.3589169E+03
   0.2400763E+01   0.2400763E+01   0.3589169E+03   0.3601173E+03   0.3613177E+03
   0.2420350E+01   0.2420350E+01   0.3613177E+03   0.3625278E+03   0.3637380E+03
   0.2440097E+01   0.2440097E+01   0.3637380E+03   0.3649581E+03   0.3661781E+03
   0.2460006E+01   0.2460006E+01   0.3661781E+03   0.3674081E+03   0.3686381E+03
   0.2480077E+01   0.2480077E+01   0.3686381E+03   0.3698782E+03   0.3711182E+03
   0.2500311E+01   0.2500311E+01   0.3711182E+03   0.3723684E+03   0.3736185E+03
   0.2520711E+01   0.2520711E+01   0.3736185E+03   0.3748789E+03   0.3761392E+03
   0.2541277E+01   0.2541277E+01   0.3761392E+03   0.3774099E+03   0.3786805E+03
   0.2562011E+01   0.2562011E+01   0.3786805E+03   0.3799615E+03   0.3812425E+03
   0.2582914E+01   0.2582914E+01   0.3812425E+03   0.3825340E+03   0.3838254E+03
   0.2603988E+01   0.2603988E+01   0.3838254E+03   0.3851274E+03   0.3864294E+03
   0.2625234E+01   0.2625234E+01   0.3864294E+03   0.3877420E+03   0.3890546E+03
   0.2646652E+01   0.2646652E+01   0.3890546E+03   0.3903780E+03   0.3917013E+03
   0.2668246E+01   0.2668246E+01   0.3917013E+03   0.3930354E+03   0.3943695E+03
   0.2690016E+01   0.2690016E+01   0.3943695E+03   0.3957145E+03   0.3970596E+03
   0.2711964E+01   0.2711964E+01   0.3970596E+03   0.3984155E+03   0.3997715E+03
   0.2734090E+01   0.2734090E+01   0.3997715E+03   0.4011386E+03   0.4025056E+03
   0.2756397E+01   0.2756397E+01   0.4025056E+03   0.4038838E+03   0.4052620E+03
   0.2778886E+01   0.2778886E+01   0.4052620E+03   0.4066515E+03   0.4080409E+03
   0.2801559E+01   0.2801559E+01   0.4080409E+03   0.4094417E+03   0.4108425E+03
   0.2824416E+01   0.2824416E+01   0.4108425E+03   0.4122547E+03   0.4136669E+03
   0.2847460E+01   0.2847460E+01   0.4136669E+03   0.4150906E+03   0.4165143E+03
   0.2870692E+01   0.2870692E+01   0.4165143E+03   0.4179497E+03   0.4193850E+03
   0.2894114E+01   0.2894114E+01   0.4193850E+03   0.4208321E+03   0.4222791E+03
   0.2917727E+01   0.2917727E+01   0.4222791E+03   0.4237380E+03   0.4251969E+03
   0.2941532E+01   0.2941532E+01   0.4251969E+03   0.4266676E+03   0.4281384E+03
   0.2965532E+01   0.2965532E+01   0.4281384E+03   0.4296212E+03   0.4311039E+03
   0.2989727E+01   0.2989727E+01   0.4311039E+03   0.4325988E+03   0.4340937E+03
   0.3014120E+01   0.3014120E+01   0.4340937E+03   0.4356007E+03   0.4371078E+03
   0.3038712E+01   0.3038712E+01   0.4371078E+03   0.4386271E+03   0.4401465E+03
   0.3063504E+01   0.3063504E+01   0.4401465E+03   0.4416782E+03   0.4432100E+03
   0.3088499E+01   0.3088499E+01   0.4432100E+03   0.4447542E+03   0.4462985E+03
   0.3113698E+01   0.3113698E+01   0.4462985E+03   0.4478553E+03   0.4494122E+03
   0.3139102E+01   0.3139102E+01   0.4494122E+03   0.4509817E+03   0.4525513E+03
   0.3164713E+01   0.3164713E+01   0.4525513E+03   0.4541336E+03   0.4557160E+03
   0.3190534E+01   0.3190534E+01   0.4557160E+03   0.4573113E+03   0.4589065E+03
   0.3216565E+01   0.3216565E+01   0.4589065E+03   0.4605148E+03   0.4621231E+03
   0.3242809E+01   0.3242809E+01   0.4621231E+03   0.4637445E+03   0.4653659E+03
   0.3269266E+01   0.3269266E+01   0.4653659E+03   0.4670005E+03   0.4686352E+03
   0.3295940E+01   0.3295940E+01   0.4686352E+03   0.4702831E+03   0.4719311E+03
   0.3322831E+01   0.3322831E+01   0.4719311E+03   0.4735925E+03   0.4752539E+03
   0.3349941E+01   0.3349941E+01   0.4752539E+03   0.4769289E+03   0.4786039E+03
   0.3377273E+01   0.3377273E+01   0.4786039E+03   0.4802925E+03   0.4819812E+03
   0.3404828E+01   0.3404828E+01   0.4819812E+03   0.4836836E+03   0.4853860E+03
   0.3432607E+01   0.3432607E+01   0.4853860E+03   0.4871023E+03   0.4888186E+03
   0.3460614E+01   0.3460614E+01   0.4888186E+03   0.4905489E+03   0.4922792E+03
   0.3488848E+01   0.3488848E+01   0.4922792E+03   0.4940236E+03   0.4957681E+03
   0.3517313E+01   0.3517313E+01   0.4957681E+03   0.4975267E+03   0.4992854E+03
   0.3546011E+01   0.3546011E+01   0.4992854E+03   0.5010584E+03   0.5028314E+03
   0.3574942E+01   0.3574942E+01   0.5028314E+03   0.5046189E+03   0.5064063E+03
   0.3604110E+01   0.3604110E+01   0.5064063E+03   0.5082084E+03   0.5100104E+03
   0.3633515E+01   0.3633515E+01   0.5100104E+03   0.5118272E+03   0.5136439E+03
   0.3663160E+01   0.3663160E+01   0.5136439E+03   0.5154755E+03   0.5173071E+03
   0.3693048E+01   0.3693048E+01   0.5173071E+03   0.5191536E+03   0.5210002E+03
   0.3723179E+01   0.3723179E+01   0.5210002E+03   0.5228617E+03   0.5247233E+03
   0.3753556E+01   0.3753556E+01   0.5247233E+03   0.5266001E+03   0.5284769E+03
   0.3784180E+01   0.3784180E+01   0.5284769E+03   0.5303690E+03   0.5322611E+03
   0.3815055E+01   0.3815055E+01   0.5322611E+03   0.5341686E+03   0.5360761E+03
   0.3846182E+01   0.3846182E+01   0.5360761E+03   0.5379992E+03   0.5399223E+03
   0.3877562E+01   0.3877562E+01   0.5399223E+03   0.5418611E+03   0.5437999E+03
   0.3909199E+01   0.3909199E+01   0.5437999E+03   0.5457545E+03   0.5477091E+03
   0.3941093E+01   0.3941093E+01   0.5477091E+03   0.5496796E+03   0.5516502E+03
   0.3973248E+01   0.3973248E+01   0.5516502E+03   0.5536368E+03   0.5556234E+03
   0.4005665E+01   0.4005665E+01   0.5556234E+03   0.5576262E+03   0.5596291E+03
   0.4038347E+01   0.4038347E+01   0.5596291E+03   0.5616482E+03   0.5636674E+03
   0.4071295E+01   0.4071295E+01   0.5636674E+03   0.5657031E+03   0.5677387E+03
   0.4104513E+01   0.4104513E+01   0.5677387E+03   0.5697910E+03   0.5718432E+03
   0.4138001E+01   0.4138001E+01   0.5718432E+03   0.5739122E+03   0.5759812E+03
   0.4171762E+01   0.4171762E+01   0.5759812E+03   0.5780671E+03   0.5801530E+03
   0.4205799E+01   0.4205799E+01   0.5801530E+03   0.5822559E+03   0.5843588E+03
   0.4240114E+01   0.4240114E+01   0.5843588E+03   0.5864788E+03   0.5885989E+03
   0.4274708E+01   0.4274708E+01   0.5885989E+03   0.5907363E+03   0.5928736E+03
   0.4309585E+01   0.4309585E+01   0.5928736E+03   0.5950284E+03   0.5971832E+03
   0.4344746E+01   0.4344746E+01   0.5971832E+03   0.5993556E+03   0.6015279E+03
   0.4380194E+01   0.4380194E+01   0.6015279E+03   0.6037180E+03   0.6059081E+03
   0.4415932E+01   0.4415932E+01   0.6059081E+03   0.6081161E+03   0.6103241E+03
   0.4451961E+01   0.4451961E+01   0.6103241E+03   0.6125501E+03   0.6147760E+03
   0.4488284E+01   0.4488284E+01   0.6147760E+03   0.6170202E+03   0.6192643E+03
   0.4524903E+01   0.4524903E+01   0.6192643E+03   0.6215268E+03   0.6237892E+03
   0.4561821E+01   0.4561821E+01   0.6237892E+03   0.6260701E+03   0.6283510E+03
   0.4599041E+01   0.4599041E+01   0.6283510E+03   0.6306506E+03   0.6329501E+03
   0.4636564E+01   0.4636564E+01   0.6329501E+03   0.6352684E+03   0.6375866E+03
   0.4674393E+01   0.4674393E+01   0.6375866E+03   0.6399238E+03   0.6422610E+03
   0.4712530E+01   0.4712530E+01   0.6422610E+03   0.6446173E+03   0.6469736E+03
   0.4750979E+01   0.4750979E+01   0.6469736E+03   0.6493491E+03   0.6517245E+03
   0.4789742E+01   0.4789742E+01   0.6517245E+03   0.6541194E+03   0.6565143E+03
   0.4828821E+01   0.4828821E+01   0.6565143E+03   0.6589287E+03   0.6613431E+03
   0.4868219E+01   0.4868219E+01   0.6613431E+03   0.6637772E+03   0.6662113E+03
   0.4907938E+01   0.4907938E+01   0.6662113E+03   0.6686653E+03   0.6711193E+03
   0.4947981E+01   0.4947981E+01   0.6711193E+03   0.6735933E+03   0.6760672E+03
   0.4988351E+01   0.4988351E+01   0.6760672E+03   0.6785614E+03   0.6810556E+03
   0.5029050E+01   0.5029050E+01   0.6810556E+03   0.6835701E+03   0.6860846E+03
   0.5070082E+01   0.5070082E+01   0.6860846E+03   0.6886197E+03   0.6911547E+03
   0.5111448E+01   0.5111448E+01   0.6911547E+03   0.6937105E+03   0.6962662E+03
   0.5153151E+01   0.5153151E+01   0.6962662E+03   0.6988428E+03   0.7014193E+03
   0.5195195E+01   0.5195195E+01   0.7014193E+03   0.7040169E+03   0.7066145E+03
   0.5237582E+01   0.5237582E+01   0.7066145E+03   0.7092333E+03   0.7118521E+03
   0.5280315E+01   0.5280315E+01   0.7118521E+03   0.7144923E+03   0.7171324E+03
   0.5323396E+01   0.5323396E+01   0.7171324E+03   0.7197941E+03   0.7224558E+03
   0.5366829E+01   0.5366829E+01   0.7224558E+03   0.7251392E+03   0.7278226E+03
   0.5410616E+01   0.5410616E+01   0.7278226E+03   0.7305280E+03   0.7332333E+03
   0.5454761E+01   0.5454761E+01   0.7332333E+03   0.7359606E+03   0.7386880E+03
   0.5499266E+01   0.5499266E+01   0.7386880E+03   0.7414377E+03   0.7441873E+03
   0.5544133E+01   0.5544133E+01   0.7441873E+03   0.7469594E+03   0.7497314E+03
   0.5589367E+01   0.5589367E+01   0.7497314E+03   0.7525261E+03   0.7553208E+03
   0.5634970E+01   0.5634970E+01   0.7553208E+03   0.7581383E+03   0.7609558E+03
   0.5680945E+01   0.5680945E+01   0.7609558E+03   0.7637962E+03   0.7666367E+03
   0.5727295E+01   0.5727295E+01   0.7666367E+03   0.7695004E+03   0.7723640E+03
   0.5774024E+01   0.5774024E+01   0.7723640E+03   0.7752510E+03   0.7781380E+03
   0.5821133E+01   0.5821133E+01   0.7781380E+03   0.7810486E+03   0.7839592E+03
   0.5868627E+01   0.5868627E+01   0.7839592E+03   0.7868935E+03   0.7898278E+03
   0.5916508E+01   0.5916508E+01   0.7898278E+03   0.7927860E+03   0.7957443E+03
   0.5964780E+01   0.5964780E+01   0.7957443E+03   0.7987267E+03   0.8017091E+03
   0.6013446E+01   0.6013446E+01   0.8017091E+03   0.8047158E+03   0.8077225E+03
   0.6062509E+01   0.6062509E+01   0.8077225E+03   0.8107538E+03   0.8137850E+03
   0.6111972E+01   0.6111972E+01   0.8137850E+03   0.8168410E+03   0.8198970E+03
   0.6161839E+01   0.6161839E+01   0.8198970E+03   0.8229779E+03   0.8260588E+03
   0.6212113E+01   0.6212113E+01   0.8260588E+03   0.8291649E+03   0.8322710E+03
   0.6262797E+01   0.6262797E+01   0.8322710E+03   0.8354023E+03   0.8385337E+03
   0.6313894E+01   0.6313894E+01   0.8385337E+03   0.8416907E+03   0.8448476E+03
   0.6365408E+01   0.6365408E+01   0.8448476E+03   0.8480303E+03   0.8512131E+03
   0.6417343E+01   0.6417343E+01   0.8512131E+03   0.8544217E+03   0.8576304E+03
   0.6469701E+01   0.6469701E+01   0.8576304E+03   0.8608652E+03   0.8641001E+03
   0.6522486E+01   0.6522486E+01   0.8641001E+03   0.8673613E+03   0.8706226E+03
   0.6575703E+01   0.6575703E+01   0.8706226E+03   0.8739104E+03   0.8771983E+03
   0.6629353E+01   0.6629353E+01   0.8771983E+03   0.8805130E+03   0.8838276E+03
   0.6683441E+01   0.6683441E+01   0.8838276E+03   0.8871694E+03   0.8905111E+03
   0.6737970E+01   0.6737970E+01   0.8905111E+03   0.8938801E+03   0.8972490E+03
   0.6792944E+01   0.6792944E+01   0.8972490E+03   0.9006455E+03   0.9040420E+03
   0.6848367E+01   0.6848367E+01   0.9040420E+03   0.9074662E+03   0.9108904E+03
   0.6904242E+01   0.6904242E+01   0.9108904E+03   0.9143425E+03   0.9177946E+03
   0.6960573E+01   0.6960573E+01   0.9177946E+03   0.9212749E+03   0.9247552E+03
   0.7017363E+01   0.7017363E+01   0.9247552E+03   0.9282639E+03   0.9317725E+03
   0.7074617E+01   0.7074617E+01   0.9317725E+03   0.9353098E+03   0.9388472E+03
   0.7132338E+01   0.7132338E+01   0.9388472E+03   0.9424133E+03   0.9459795E+03
   0.7190530E+01   0.7190530E+01   0.9459795E+03   0.9495748E+03   0.9531700E+03
   0.7249196E+01   0.7249196E+01   0.9531700E+03   0.9567946E+03   0.9604192E+03
   0.7308342E+01   0.7308342E+01   0.9604192E+03   0.9640734E+03   0.9677276E+03
   0.7367969E+01   0.7367969E+01   0.9677276E+03   0.9714115E+03   0.9750955E+03
   0.7428084E+01   0.7428084E+01   0.9750955E+03   0.9788096E+03   0.9825236E+03
   0.7488688E+01   0.7488688E+01   0.9825236E+03   0.9862680E+03   0.9900123E+03
   0.7549788E+01   0.7549788E+01   0.9900123E+03   0.9937872E+03   0.9975621E+03
   0.7611385E+01   0.7611385E+01   0.9975621E+03   0.1001368E+04   0.1005173E+04
   0.7673486E+01   0.7673486E+01   0.1005173E+04   0.1009010E+04   0.1012847E+04
   0.7736093E+01   0.7736093E+01   0.1012847E+04   0.1016715E+04   0.1020583E+04
   0.7799210E+01   0.7799210E+01   0.1020583E+04   0.1024483E+04   0.1028382E+04
   0.7862843E+01   0.7862843E+01   0.1028382E+04   0.1032314E+04   0.1036245E+04
   0.7926995E+01   0.7926995E+01   0.1036245E+04   0.1040209E+04   0.1044172E+04
   0.7991670E+01   0.7991670E+01   0.1044172E+04   0.1048168E+04   0.1052164E+04
   0.8056873E+01   0.8056873E+01   0.1052164E+04   0.1056192E+04   0.1060221E+04
   0.8122608E+01   0.8122608E+01   0.1060221E+04   0.1064282E+04   0.1068343E+04
   0.8188880E+01   0.8188880E+01   0.1068343E+04   0.1072438E+04   0.1076532E+04
   0.8255692E+01   0.8255692E+01   0.1076532E+04   0.1080660E+04   0.1084788E+04
   0.8323049E+01   0.8323049E+01   0.1084788E+04   0.1088949E+04   0.1093111E+04
   0.8390956E+01   0.8390956E+01   0.1093111E+04   0.1097306E+04   0.1101502E+04
   0.8459416E+01   0.8459416E+01   0.1101502E+04   0.1105732E+04   0.1109961E+04
   0.8528435E+01   0.8528435E+01   0.1109961E+04   0.1114225E+04   0.1118490E+04
   0.8598018E+01   0.8598018E+01   0.1118490E+04   0.1122789E+04   0.1127088E+04
   0.8668168E+01   0.8668168E+01   0.1127088E+04   0.1131422E+04   0.1135756E+04
   0.8738890E+01   0.8738890E+01   0.1135756E+04   0.1140125E+04   0.1144495E+04
   0.8810190E+01   0.8810190E+01   0.1144495E+04   0.1148900E+04   0.1153305E+04
   0.8882071E+01   0.8882071E+01   0.1153305E+04   0.1157746E+04   0.1162187E+04
   0.8954539E+01   0.8954539E+01   0.1162187E+04   0.1166664E+04   0.1171142E+04
   0.9027598E+01   0.9027598E+01   0.1171142E+04   0.1175655E+04   0.1180169E+04
   0.9101253E+01   0.9101253E+01   0.1180169E+04   0.1184720E+04   0.1189270E+04
   0.9175509E+01   0.9175509E+01   0.1189270E+04   0.1193858E+04   0.1198446E+04
   0.9250370E+01   0.9250370E+01   0.1198446E+04   0.1203071E+04   0.1207696E+04
   0.9325843E+01   0.9325843E+01   0.1207696E+04   0.1212359E+04   0.1217022E+04
   0.9401931E+01   0.9401931E+01   0.1217022E+04   0.1221723E+04   0.1226424E+04
   0.9478640E+01   0.9478640E+01   0.1226424E+04   0.1231163E+04   0.1235903E+04
   0.9555975E+01   0.9555975E+01   0.1235903E+04   0.1240681E+04   0.1245459E+04
   0.9633941E+01   0.9633941E+01   0.1245459E+04   0.1250276E+04   0.1255093E+04
   0.9712543E+01   0.9712543E+01   0.1255093E+04   0.1259949E+04   0.1264805E+04
   0.9791787E+01   0.9791787E+01   0.1264805E+04   0.1269701E+04   0.1274597E+04
   0.9871677E+01   0.9871677E+01   0.1274597E+04   0.1279533E+04   0.1284469E+04
   0.9952218E+01   0.9952218E+01   0.1284469E+04   0.1289445E+04   0.1294421E+04
   0.1003342E+02   0.1003342E+02   0.1294421E+04   0.1299438E+04   0.1304454E+04
   0.1011528E+02   0.1011528E+02   0.1304454E+04   0.1309512E+04   0.1314570E+04
   0.1019781E+02   0.1019781E+02   0.1314570E+04   0.1319668E+04   0.1324767E+04
   0.1028101E+02   0.1028101E+02   0.1324767E+04   0.1329908E+04   0.1335048E+04
   0.1036489E+02   0.1036489E+02   0.1335048E+04   0.1340231E+04   0.1345413E+04
   0.1044946E+02   0.1044946E+02   0.1345413E+04   0.1350638E+04   0.1355863E+04
   0.1053471E+02   0.1053471E+02   0.1355863E+04   0.1361130E+04   0.1366397E+04
   0.1062066E+02   0.1062066E+02   0.1366397E+04   0.1371708E+04   0.1377018E+04
   0.1070732E+02   0.1070732E+02   0.1377018E+04   0.1382372E+04   0.1387725E+04
   0.1079468E+02   0.1079468E+02   0.1387725E+04   0.1393123E+04   0.1398520E+04
   0.1088275E+02   0.1088275E+02   0.1398520E+04   0.1403961E+04   0.1409403E+04
   0.1097154E+02   0.1097154E+02   0.1409403E+04   0.1414889E+04   0.1420374E+04
   0.1106106E+02   0.1106106E+02   0.1420374E+04   0.1425905E+04   0.1431435E+04
   0.1115130E+02   0.1115130E+02   0.1431435E+04   0.1437011E+04   0.1442587E+04
   0.1124228E+02   0.1124228E+02   0.1442587E+04   0.1448208E+04   0.1453829E+04
   0.1133401E+02   0.1133401E+02   0.1453829E+04   0.1459496E+04   0.1465163E+04
   0.1142648E+02   0.1142648E+02   0.1465163E+04   0.1470876E+04   0.1476589E+04
   0.1151971E+02   0.1151971E+02   0.1476589E+04   0.1482349E+04   0.1488109E+04
   0.1161370E+02   0.1161370E+02   0.1488109E+04   0.1493916E+04   0.1499723E+04
   0.1170845E+02   0.1170845E+02   0.1499723E+04   0.1505577E+04   0.1511431E+04
   0.1180398E+02   0.1180398E+02   0.1511431E+04   0.1517333E+04   0.1523235E+04
   0.1190028E+02   0.1190028E+02   0.1523235E+04   0.1529185E+04   0.1535136E+04
   0.1199738E+02   0.1199738E+02   0.1535136E+04   0.1541134E+04   0.1547133E+04
   0.1209526E+02   0.1209526E+02   0.1547133E+04   0.1553181E+04   0.1559228E+04
   0.1219395E+02   0.1219395E+02   0.1559228E+04   0.1565325E+04   0.1571422E+04
   0.1229344E+02   0.1229344E+02   0.1571422E+04   0.1577569E+04   0.1583716E+04
   0.1239374E+02   0.1239374E+02   0.1583716E+04   0.1589913E+04   0.1596109E+04
   0.1249485E+02   0.1249485E+02   0.1596109E+04   0.1602357E+04   0.1608604E+04
   0.1259680E+02   0.1259680E+02   0.1608604E+04   0.1614903E+04   0.1621201E+04
   0.1269957E+02   0.1269957E+02   0.1621201E+04   0.1627551E+04   0.1633901E+04
   0.1280319E+02   0.1280319E+02   0.1633901E+04   0.1640302E+04   0.1646704E+04
   0.1290765E+02   0.1290765E+02   0.1646704E+04   0.1653158E+04   0.1659611E+04
   0.1301296E+02   0.1301296E+02   0.1659611E+04   0.1666118E+04   0.1672624E+04
   0.1311913E+02   0.1311913E+02   0.1672624E+04   0.1679184E+04   0.1685744E+04
   0.1322617E+02   0.1322617E+02   0.1685744E+04   0.1692357E+04   0.1698970E+04
   0.1333408E+02   0.1333408E+02   0.1698970E+04   0.1705637E+04   0.1712304E+04
   0.1344287E+02   0.1344287E+02   0.1712304E+04   0.1719025E+04   0.1725747E+04
   0.1355255E+02   0.1355255E+02   0.1725747E+04   0.1732523E+04   0.1739299E+04
   0.1366312E+02   0.1366312E+02   0.1739299E+04   0.1746131E+04   0.1752962E+04
   0.1377460E+02   0.1377460E+02   0.1752962E+04   0.1759850E+04   0.1766737E+04
   0.1388698E+02   0.1388698E+02   0.1766737E+04   0.1773680E+04   0.1780624E+04
   0.1400028E+02   0.1400028E+02   0.1780624E+04   0.1787624E+04   0.1794624E+04
   0.1411451E+02   0.1411451E+02   0.1794624E+04   0.1801681E+04   0.1808739E+04
   0.1422967E+02   0.1422967E+02   0.1808739E+04   0.1815854E+04   0.1822968E+04
   0.1434577E+02   0.1434577E+02   0.1822968E+04   0.1830141E+04   0.1837314E+04
   0.1446281E+02   0.1446281E+02   0.1837314E+04   0.1844546E+04   0.1851777E+04
   0.1458081E+02   0.1458081E+02   0.1851777E+04   0.1859067E+04   0.1866358E+04
   0.1469978E+02   0.1469978E+02   0.1866358E+04   0.1873708E+04   0.1881058E+04
   0.1481971E+02   0.1481971E+02   0.1881058E+04   0.1888467E+04   0.1895877E+04
   0.1494062E+02   0.1494062E+02   0.1895877E+04   0.1903348E+04   0.1910818E+04
   0.1506252E+02   0.1506252E+02   0.1910818E+04   0.1918349E+04   0.1925880E+04
   0.1518541E+02   0.1518541E+02   0.1925880E+04   0.1933473E+04   0.1941066E+04
   0.1530931E+02   0.1530931E+02   0.1941066E+04   0.1948720E+04   0.1956375E+04
   0.1543422E+02   0.1543422E+02   0.1956375E+04   0.1964092E+04   0.1971809E+04
   0.1556014E+02   0.1556014E+02   0.1971809E+04   0.1979589E+04   0.1987369E+04
   0.1568709E+02   0.1568709E+02   0.1987369E+04   0.1995213E+04   0.2003057E+04
   0.1581508E+02   0.1581508E+02   0.2003057E+04   0.2010964E+04   0.2018872E+04
   0.1594412E+02   0.1594412E+02   0.2018872E+04   0.2026844E+04   0.2034816E+04
   0.1607420E+02   0.1607420E+02   0.2034816E+04   0.2042853E+04   0.2050890E+04
   0.1620535E+02   0.1620535E+02   0.2050890E+04   0.2058993E+04   0.2067095E+04
   0.1633757E+02   0.1633757E+02   0.2067095E+04   0.2075264E+04   0.2083433E+04
   0.1647086E+02   0.1647086E+02   0.2083433E+04   0.2091668E+04   0.2099904E+04
   0.1660525E+02   0.1660525E+02   0.2099904E+04   0.2108206E+04   0.2116509E+04
   0.1674073E+02   0.1674073E+02   0.2116509E+04   0.2124879E+04   0.2133250E+04
   0.1687731E+02   0.1687731E+02   0.2133250E+04   0.2141688E+04   0.2150127E+04
   0.1701501E+02   0.1701501E+02   0.2150127E+04   0.2158635E+04   0.2167142E+04
   0.1715384E+02   0.1715384E+02   0.2167142E+04   0.2175719E+04   0.2184296E+04
   0.1729379E+02   0.1729379E+02   0.2184296E+04   0.2192943E+04   0.2201590E+04
   0.1743489E+02   0.1743489E+02   0.2201590E+04   0.2210307E+04   0.2219025E+04
   0.1757714E+02   0.1757714E+02   0.2219025E+04   0.2227813E+04   0.2236602E+04
   0.1772055E+02   0.1772055E+02   0.2236602E+04   0.2245462E+04   0.2254322E+04
   0.1786513E+02   0.1786513E+02   0.2254322E+04   0.2263255E+04   0.2272187E+04
   0.1801089E+02   0.1801089E+02   0.2272187E+04   0.2281193E+04   0.2290198E+04
   0.1815784E+02   0.1815784E+02   0.2290198E+04   0.2299277E+04   0.2308356E+04
   0.1830598E+02   0.1830598E+02   0.2308356E+04   0.2317509E+04   0.2326662E+04
   0.1845534E+02   0.1845534E+02   0.2326662E+04   0.2335890E+04   0.2345117E+04
   0.1860591E+02   0.1860591E+02   0.2345117E+04   0.2354420E+04   0.2363723E+04
   0.1875772E+02   0.1875772E+02   0.2363723E+04   0.2373102E+04   0.2382481E+04
   0.1891076E+02   0.1891076E+02   0.2382481E+04   0.2391936E+04   0.2401392E+04
   0.1906505E+02   0.1906505E+02   0.2401392E+04   0.2410924E+04   0.2420457E+04
   0.1922060E+02   0.1922060E+02   0.2420457E+04   0.2430067E+04   0.2439677E+04
   0.1937742E+02   0.1937742E+02   0.2439677E+04   0.2449366E+04   0.2459055E+04
   0.1953551E+02   0.1953551E+02   0.2459055E+04   0.2468823E+04   0.2478590E+04
   0.1969490E+02   0.1969490E+02   0.2478590E+04   0.2488438E+04   0.2498285E+04
   0.1985559E+02   0.1985559E+02   0.2498285E+04   0.2508213E+04   0.2518141E+04
   0.2001759E+02   0.2001759E+02   0.2518141E+04   0.2528150E+04   0.2538158E+04
   0.2018091E+02   0.2018091E+02   0.2538158E+04   0.2548249E+04   0.2558339E+04
   0.2034556E+02   0.2034556E+02   0.2558339E+04   0.2568512E+04   0.2578685E+04
   0.2051156E+02   0.2051156E+02   0.2578685E+04   0.2588941E+04   0.2599197E+04
   0.2067891E+02   0.2067891E+02   0.2599197E+04   0.2609536E+04   0.2619875E+04
   0.2084763E+02   0.2084763E+02   0.2619875E+04   0.2630299E+04   0.2640723E+04
   0.2101772E+02   0.2101772E+02   0.2640723E+04   0.2651232E+04   0.2661741E+04
   0.2118920E+02   0.2118920E+02   0.2661741E+04   0.2672335E+04   0.2682930E+04
   0.2136208E+02   0.2136208E+02   0.2682930E+04   0.2693611E+04   0.2704292E+04
   0.2153637E+02   0.2153637E+02   0.2704292E+04   0.2715060E+04   0.2725828E+04
   0.2171209E+02   0.2171209E+02   0.2725828E+04   0.2736684E+04   0.2747541E+04
   0.2188923E+02   0.2188923E+02   0.2747541E+04   0.2758485E+04   0.2769430E+04
   0.2206782E+02   0.2206782E+02   0.2769430E+04   0.2780464E+04   0.2791498E+04
   0.2224787E+02   0.2224787E+02   0.2791498E+04   0.2802621E+04   0.2813745E+04
   0.2242939E+02   0.2242939E+02   0.2813745E+04   0.2824960E+04   0.2836175E+04
   0.2261239E+02   0.2261239E+02   0.2836175E+04   0.2847481E+04   0.2858787E+04
   0.2279688E+02   0.2279688E+02   0.2858787E+04   0.2870186E+04   0.2881584E+04
   0.2298288E+02   0.2298288E+02   0.2881584E+04   0.2893076E+04   0.2904567E+04
   0.2317039E+02   0.2317039E+02   0.2904567E+04   0.2916152E+04   0.2927737E+04
   0.2335943E+02   0.2335943E+02   0.2927737E+04   0.2939417E+04   0.2951097E+04
   0.2355002E+02   0.2355002E+02   0.2951097E+04   0.2962872E+04   0.2974647E+04
   0.2374216E+02   0.2374216E+02   0.2974647E+04   0.2986518E+04   0.2998389E+04
   0.2393587E+02   0.2393587E+02   0.2998389E+04   0.3010357E+04   0.3022325E+04
   0.2413116E+02   0.2413116E+02   0.3022325E+04   0.3034390E+04   0.3046456E+04
   0.2432804E+02   0.2432804E+02   0.3046456E+04   0.3058620E+04   0.3070784E+04
   0.2452653E+02   0.2452653E+02   0.3070784E+04   0.3083047E+04   0.3095311E+04
   0.2472664E+02   0.2472664E+02   0.3095311E+04   0.3107674E+04   0.3120037E+04
   0.2492838E+02   0.2492838E+02   0.3120037E+04   0.3132501E+04   0.3144966E+04
   0.2513177E+02   0.2513177E+02   0.3144966E+04   0.3157531E+04   0.3170097E+04
   0.2533682E+02   0.2533682E+02   0.3170097E+04   0.3182766E+04   0.3195434E+04
   0.2554354E+02   0.2554354E+02   0.3195434E+04   0.3208206E+04   0.3220978E+04
   0.2575194E+02   0.2575194E+02   0.3220978E+04   0.3233854E+04   0.3246730E+04
   0.2596205E+02   0.2596205E+02   0.3246730E+04   0.3259711E+04   0.3272692E+04
   0.2617387E+02   0.2617387E+02   0.3272692E+04   0.3285779E+04   0.3298866E+04
   0.2638742E+02   0.2638742E+02   0.3298866E+04   0.3312059E+04   0.3325253E+04
   0.2660271E+02   0.2660271E+02   0.3325253E+04   0.3338554E+04   0.3351856E+04
   0.2681976E+02   0.2681976E+02   0.3351856E+04   0.3365266E+04   0.3378675E+04
   0.2703858E+02   0.2703858E+02   0.3378675E+04   0.3392195E+04   0.3405714E+04
   0.2725918E+02   0.2725918E+02   0.3405714E+04   0.3419344E+04   0.3432973E+04
   0.2748159E+02   0.2748159E+02   0.3432973E+04   0.3446714E+04   0.3460455E+04
   0.2770581E+02   0.2770581E+02   0.3460455E+04   0.3474308E+04   0.3488161E+04
   0.2793185E+02   0.2793185E+02   0.3488161E+04   0.3502127E+04   0.3516092E+04
   0.2815975E+02   0.2815975E+02   0.3516092E+04   0.3530172E+04   0.3544252E+04
   0.2838950E+02   0.2838950E+02   0.3544252E+04   0.3558447E+04   0.3572642E+04
   0.2862112E+02   0.2862112E+02   0.3572642E+04   0.3586952E+04   0.3601263E+04
   0.2885464E+02   0.2885464E+02   0.3601263E+04   0.3615690E+04   0.3630118E+04
   0.2909006E+02   0.2909006E+02   0.3630118E+04   0.3644663E+04   0.3659208E+04
   0.2932740E+02   0.2932740E+02   0.3659208E+04   0.3673871E+04   0.3688535E+04
   0.2956668E+02   0.2956668E+02   0.3688535E+04   0.3703318E+04   0.3718102E+04
   0.2980791E+02   0.2980791E+02   0.3718102E+04   0.3733006E+04   0.3747910E+04
   0.3005111E+02   0.3005111E+02   0.3747910E+04   0.3762935E+04   0.3777961E+04
   0.3029630E+02   0.3029630E+02   0.3777961E+04   0.3793109E+04   0.3808257E+04
   0.3054348E+02   0.3054348E+02   0.3808257E+04   0.3823529E+04   0.3838800E+04
   0.3079268E+02   0.3079268E+02   0.3838800E+04   0.3854197E+04   0.3869593E+04
   0.3104391E+02   0.3104391E+02   0.3869593E+04   0.3885115E+04   0.3900637E+04
   0.3129720E+02   0.3129720E+02   0.3900637E+04   0.3916286E+04   0.3931934E+04
   0.3155255E+02   0.3155255E+02   0.3931934E+04   0.3947711E+04   0.3963487E+04
   0.3180998E+02   0.3180998E+02   0.3963487E+04   0.3979392E+04   0.3995297E+04
   0.3206951E+02   0.3206951E+02   0.3995297E+04   0.4011332E+04   0.4027366E+04
   0.3233116E+02   0.3233116E+02   0.4027366E+04   0.4043532E+04   0.4059697E+04
   0.3259495E+02   0.3259495E+02   0.4059697E+04   0.4075995E+04   0.4092292E+04
   0.3286089E+02   0.3286089E+02   0.4092292E+04   0.4108723E+04   0.4125153E+04
   0.3312899E+02   0.3312899E+02   0.4125153E+04   0.4141718E+04   0.4158282E+04
   0.3339929E+02   0.3339929E+02   0.4158282E+04   0.4174982E+04   0.4191682E+04
   0.3367179E+02   0.3367179E+02   0.4191682E+04   0.4208517E+04   0.4225353E+04
   0.3394651E+02   0.3394651E+02   0.4225353E+04   0.4242327E+04   0.4259300E+04
   0.3422348E+02   0.3422348E+02   0.4259300E+04   0.4276412E+04   0.4293523E+04
   0.3450270E+02   0.3450270E+02   0.4293523E+04   0.4310775E+04   0.4328026E+04
   0.3478421E+02   0.3478421E+02   0.4328026E+04   0.4345418E+04   0.4362810E+04
   0.3506801E+02   0.3506801E+02   0.4362810E+04   0.4380344E+04   0.4397878E+04
   0.3535412E+02   0.3535412E+02   0.4397878E+04   0.4415555E+04   0.4433232E+04
   0.3564257E+02   0.3564257E+02   0.4433232E+04   0.4451054E+04   0.4468875E+04
   0.3593337E+02   0.3593337E+02   0.4468875E+04   0.4486842E+04   0.4504808E+04
   0.3622655E+02   0.3622655E+02   0.4504808E+04   0.4522922E+04   0.4541035E+04
   0.3652212E+02   0.3652212E+02   0.4541035E+04   0.4559296E+04   0.4577557E+04
   0.3682010E+02   0.3682010E+02   0.4577557E+04   0.4595967E+04   0.4614377E+04
   0.3712051E+02   0.3712051E+02   0.4614377E+04   0.4632937E+04   0.4651498E+04
   0.3742337E+02   0.3742337E+02   0.4651498E+04   0.4670209E+04   0.4688921E+04
   0.3772870E+02   0.3772870E+02   0.4688921E+04   0.4707785E+04   0.4726650E+04
   0.3803652E+02   0.3803652E+02   0.4726650E+04   0.4745668E+04   0.4764686E+04
   0.3834686E+02   0.3834686E+02   0.4764686E+04   0.4783860E+04   0.4803033E+04
   0.3865973E+02   0.3865973E+02   0.4803033E+04   0.4822363E+04   0.4841693E+04
   0.3897515E+02   0.3897515E+02   0.4841693E+04   0.4861180E+04   0.4880668E+04
   0.3929314E+02   0.3929314E+02   0.4880668E+04   0.4900314E+04   0.4919961E+04
   0.3961373E+02   0.3961373E+02   0.4919961E+04   0.4939768E+04   0.4959575E+04
   0.3993693E+02   0.3993693E+02   0.4959575E+04   0.4979543E+04   0.4999512E+04
   0.4026277E+02   0.4026277E+02   0.4999512E+04   0.5019643E+04   0.5039774E+04
   0.4059127E+02   0.4059127E+02   0.5039774E+04   0.5060070E+04   0.5080366E+04
